0.4260    41.98      0.23
0.5310    42.96      0.17
0.3330    40.71      0.14
0.5190    42.95      0.29
0.4010    41.96      0.22
0.2050    40.08      0.30
0.4360    42.05      0.20
0.3630    41.73      0.14
0.4360    42.10      0.17
0.3090    41.42      0.27
0.3420    41.63      0.21
0.1590    39.79      0.29
0.3320    41.51      0.28
0.4690    42.28      0.16
0.2390    40.42      0.29
0.3520    41.62      0.27
0.6120    42.99      0.18
0.6310    42.89      0.18
0.6450    43.01      0.18
0.4290    42.25      0.20
0.4970    42.23      0.26
0.5390    42.66      0.25
0.5610    42.72      0.17
0.6190    43.05      0.17
0.4220    41.78      0.24
0.5400    42.72      0.26
0.2180    40.37      0.26
0.6330    42.77      0.18
0.3830    41.56      0.22
0.3020    41.39      0.37
0.3400    41.56      0.31
0.5100    42.30      0.21
0.4210    42.22      0.33
0.3990    41.96      0.43
0.4930    42.38      0.26
0.6870    43.04      0.20
0.5020    42.49      0.37
0.6870    43.09      0.17
0.4950    42.40      0.21
0.6030    43.01      0.22
0.4210    42.18      0.16
0.3480    41.89      0.27
0.2130    40.33      0.33
0.3440    41.32      0.17
0.2740    41.12      0.28
0.1810    39.89      0.17
0.4010    42.34      0.40
0.4160    42.16      0.39
0.2860    41.53      0.32
0.4630    42.58      0.28
0.3410    41.29      0.23
0.6310    43.09      0.15
0.3680    41.56      0.17
0.3090    41.16      0.21
0.5280    42.63      0.26
0.2680    40.81      0.26
0.2160    40.59      0.31
0.6950    43.53      0.17
0.2840    41.10      0.29
0.5080    42.43      0.22
0.0306    35.81      0.17
0.0502    36.69      0.20
0.0263    35.60      0.19
0.0748    37.72      0.21
0.0259    35.14      0.22
0.1009    38.80      0.15
0.0198    34.84      0.18
0.0451    36.91      0.19
0.0429    36.49      0.18
0.0181    34.73      0.21
0.0789    37.78      0.15
0.0878    37.76      0.23
0.0634    37.64      0.20
0.0707    37.78      0.19
0.0248    35.10      0.18
0.0519    37.12      0.15
0.0500    37.07      0.18
0.0243    35.24      0.20
0.0160    34.35      0.22
0.0357    36.02      0.17
0.0488    36.57      0.16
0.0220    34.70      0.21
0.0275    35.94      0.18
0.1242    38.90      0.20
0.0348    36.09      0.18
0.0163    33.98      0.24
0.0166    34.53      0.23
0.0297    36.15      0.19
0.0172    34.36      0.22
0.0279    35.17      0.18
0.0537    36.92      0.15
0.0167    34.16      0.23
0.0235    35.32      0.20
0.0392    36.54      0.13
0.0315    35.82      0.17
0.0176    34.28      0.22
0.0260    35.62      0.16
0.0245    35.24      0.17
0.0365    36.36      0.17
0.0232    35.12      0.18
0.0164    34.37      0.22
0.0218    34.90      0.21
0.0162    34.14      0.22
0.0305    35.88      0.16
0.0163    34.28      0.24
0.5043    42.55      0.18
0.5817    43.12      0.21
0.4960    42.33      0.20
0.3460    41.50      0.25
0.6790    43.59      0.27
0.8680    43.95      0.17
0.3310    41.30      0.21
0.6880    43.13      0.23
0.8000    43.92      0.27
0.5320    42.84      0.29
0.4490    42.07      0.24
0.3709    41.80      0.23
0.2912    40.56      0.32
0.4627    42.25      0.17
0.4607    42.12      0.18
0.2850    40.98      0.13
0.6330    43.26      0.25
0.8180    44.14      0.27
0.9490    44.26      0.17
0.6950    43.11      0.34
0.6268    42.94      0.23
0.9050    43.84      0.16
0.6040    42.79      0.32
0.7910    43.75      0.21
0.5810    42.85      0.18
0.5920    42.87      0.25
0.7210    43.46      0.23
0.5260    42.49      0.29
0.4150    42.06      0.17
0.3570    41.65      0.22
0.4300    41.81      0.18
0.5210    42.44      0.33
0.6910    43.42      0.39
0.7410    43.58      0.24
0.6200    43.20      0.26
0.8300    43.62      0.17
0.6430    43.34      0.22
1.0100    44.70      0.17
0.4700    42.03      0.20
0.6100    42.82      0.29
0.2630    40.76      0.21
0.3578    41.41      0.21
0.7300    43.57      0.26
0.4510    41.35      0.23
0.9100    44.21      0.18
0.5516    42.28      0.41
0.7100    43.71      0.34
0.9300    44.43      0.19
0.3373    41.46      0.17
0.7520    43.36      0.23
0.8218    43.76      0.22
0.9500    44.14      0.15
0.8170    43.72      0.21
0.3402    41.63      0.17
0.6130    43.08      0.39
0.8400    43.88      0.17
0.5500    42.75      0.29
1.7550    45.31      0.36
0.4750    42.20      0.21
0.9500    43.94      0.35
0.8400    43.63      0.22
0.9540    44.26      0.28
0.9000    43.60      0.26
0.9350    43.93      0.30
0.6700    43.15      0.25
0.7350    43.10      0.20
0.6400    42.97      0.26
1.3400    44.88      0.32
1.1400    44.67      0.30
1.3050    44.47      0.31
1.3000    45.02      0.21
0.9700    44.63      0.37
1.3700    45.19      0.26
1.0200    43.95      0.28
1.2300    45.13      0.24
1.1400    44.40      0.32
0.9750    44.17      0.27
1.2300    44.93      0.21
0.9540    43.81      0.28
0.7400    43.34      0.23
0.4600    42.19      0.33
0.8540    43.92      0.30
0.8390    43.41      0.21
1.0200    44.48      0.20
1.1200    44.63      0.19
1.0100    44.73      0.20
1.3900    44.86      0.20
